0 0.505924459375 0.024827483333333334 0.48412810625 0 0.43161860625 0.02879413125 0.39397027812499996 0.048627354166666664 0.4197297 0.0882937875 0.43360006562500003 0.11738257499999999 0.4593594890625 0.14514904166666664 0.488091025 0.15704902083333333 0.5534802359375 0.11341588958333333 0.5713135953124999 0.05788285416666667 0.5881563015625 0.03408301041666666 0.5633876828125 0.018216408333333333 0.505924459375 0.024827483333333334
0 0.11358957031250001 0.23505964375000002 0.169071259375 0.23902630208333334 0.1779879765625 0.1464712625 0.180960165625 0.05127178125 0.12646920625 0.05523842708333333 0.1017005875 0.1372157979166667 0.09971912968749999 0.19407097708333335 0.11358957031250001 0.23505964375000002
1 0 0.5563578479166666 0.0204595515625 0.5986687333333334 0.09872840000000001 0.61189088125 0.1076451171875 0.51536920625 0.077922775 0.47041388125 0.068015328125 0.4915693479166666 0.0412651765625 0.47966939375 0 0.49255782499999995 0 0.5563578479166666
0 0.43161860625 0.5312357958333334 0.42270188906249995 0.45190290208333334 0.413785171875 0.4466140229166667 0.3711831953125 0.44925846249999996 0.3325441359375 0.49024710416666667 0.2988588 0.5272691604166667 0.33452559531250003 0.5735466812500001 0.386044365625 0.5748689770833334 0.43161860625 0.5312357958333334
0 0.7536107125 0.5801577541666667 0.788286778125 0.4995026166666667 0.8279165671875001 0.433391875 0.74964764375 0.38579215833333336 0.69416603125 0.3976920625 0.6703880671875 0.48099163958333335 0.6545362421875 0.49024710416666667 0.6409228890625001 0.5322003041666666 0.6575083546875 0.5682579020833334 0.704073478125 0.5907354645833334 0.7536107125 0.5801577541666667
1 0.22356221718749997 0.8406340958333334 0.261210546875 0.79567876875 0.23941411875 0.7322124145833333 0.228515940625 0.7335347104166666 0.19483060624999998 0.7328736125 0.1453918796875 0.7568410291666667 0.157182353125 0.794356575 0.1859138890625 0.8194786770833333 0.22356221718749997 0.8406340958333334
1 0.7209161078124999 1 0.7288420953125 0.9834332416666667 0.7169530375 0.9530223604166667 0.6991197546875 0.95698894375 0.6545499921875 0.9467945833333334 0.6327397375 0.9728555833333333 0.6495825187500001 1 0.7209161078124999 1
0 0.9260002328124999 0.95698894375 0.8923149718750001 0.9345113312500001 0.8487221140625 0.9517001645833333 0.8168363968750001 0.9996512229166666 0.920055703125 1 0.9349168734375001 0.9913666104166666 0.9260002328124999 0.95698894375
1 0.599054478125 0.2429929875 0.6376934609375 0.2139042 0.638684265625 0.17555997291666667 0.6149064531249999 0.16101563125 0.6010359375000001 0.14382687291666668 0.5633876828125 0.14118240625 0.5326745374999999 0.14382687291666668 0.5195177921874999 0.18863213958333333 0.5396097953125001 0.22051527499999998 0.5594246890625 0.22977083958333333 0.599054478125 0.2429929875
0 0.9240187734375 0.6502351333333334 0.9606762968749999 0.5682579020833334 0.9745466625000001 0.5259469145833333 0.9428428625 0.5180136458333333 0.8923149718750001 0.5166914 0.8391352937500001 0.5272449958333333 0.8477314609375 0.59602429375 0.8744815375 0.6277575708333334 0.9240187734375 0.6502351333333334
0 0.9398705984375001 0.18613770833333335 0.9745466625000001 0.1372157979166667 0.9844541093749999 0.09887152083333332 0.91014825625 0.0301163375 0.8873612484375 0.04730515833333333 0.8775389468749999 0.10934717708333334 0.8853796390625 0.14514904166666664 0.9061853375 0.1715933395833333 0.9398705984375001 0.18613770833333335