0 0.2637108359375 0.11485000625 0.2043549171875 0.056478085416666664 0.143436903125 0.016868616666666666 0.090551734375 0.04739583541666667 0.05908889375 0.17113709375 0.1543708546875 0.22325482500000002 0.212164915625 0.2086619229166667 0.2637108359375 0.11485000625
0 0 0.50885996875 0.1153208609375 0.45674223750000004 0.09657691093750001 0.38169273541666665 0.1215688828125 0.34208322916666667 0.1059488859375 0.30247379999999996 0 0.31081258958333335 0 0.50885996875
0 0.241842934375 0.5964177729166666 0.22934688906249998 0.50260585625 0.20904084531249997 0.46508110625000004 0.0778329625 0.5297070604166667 0.102824934375 0.66729791875 0.1840488734375 0.72358500625 0.241842934375 0.6923143666666667 0.241842934375 0.5964177729166666
0 0 0.8048888583333333 0.07158493906249999 0.7840417645833334 0.062212965625000005 0.7131614604166666 0 0.68541666875 0 0.8048888583333333
0 0.2246608421875 0.9320560104166666 0.143436903125 0.8194816791666667 0.082518890625 0.8549217520833333 0.012426734375 0.8833333354166667 0.0450308734375 1 0.2246608421875 0.9966819666666668 0.2246608421875 0.9320560104166666
0 0.5729868312499999 1 0.629218796875 0.9049547270833334 0.6057888015625 0.8278204687499999 0.62297089375 0.75485564375 0.5433088125000001 0.7611098354166667 0.45583685 0.7611098354166667 0.381567359375 0.8364583354166667 0.3683648890625 0.9216324645833333 0.40585290625 0.94247955625 0.4370929015625 1 0.5729868312499999 1
0 0.62297089375 0.15654419166666667 0.58392078125 0.12944290833333333 0.5151928875 0.12318875625 0.4714568484375 0.12944290833333333 0.43820798437499997 0.19583333541666667 0.4964488203125 0.2420172 0.579234853125 0.2420172 0.6167227515625 0.22950901666666665 0.62297089375 0.15654419166666667
0 0.9150647953125001 0.09400291458333333 0.9431808390624999 0.0460545375 0.925998746875 0 0.8093017343750001 0.0031250020833333333 0.7791708671875 0.052308729166666665 0.807286909375 0.11276521041666668 0.8619569 0.13986645416666665 0.9150647953125001 0.09400291458333333
1 0.46750485937499997 0 0.4917628921875 0.05439336666666667 0.5386228843749999 0.056478085416666664 0.5761107828124999 0.02937683958333333 0.5761107828124999 0 0.46750485937499997 0
1 0.5620528796875 0.44423401458333334 0.6214087984375001 0.45465756041666666 0.6620208875 0.4004550708333333 0.590168803125 0.3587608875 0.5323748609375001 0.30038904375000003 0.49680173437499997 0.29739583541666664 0.4683328953125 0.36918443333333334 0.4730188234375 0.44840344791666664 0.5167548640625 0.45882699374999997 0.5620528796875 0.44423401458333334
1 0.866642709375 0.43589514375 0.8229069078125001 0.45048812499999996 0.8088487671875001 0.5046905333333334 0.8338408578125 0.5380459291666667 0.9135027015625001 0.5130294020833334 0.9697347875 0.4734198958333333 0.9822308328125 0.43381046666666667 0.9135027015625001 0.39837039375 0.9541147890625 0.37752330208333335 0.9681726921875 0.30664315416666665 0.9744208343749999 0.25244074583333337 0.9588008359375 0.22533950208333334 0.9666108343750001 0.18156063958333332 0.9322468890625 0.15862882916666668 0.8760148031250001 0.17739128541666668 0.7963527203125 0.20657712708333334 0.8171142343750001 0.21406250208333333 0.8557087578125 0.25244074583333337 0.8088487671875001 0.34625266250000003 0.8447748078125 0.4087939395833333 0.866642709375 0.43589514375
1 0.7760469156250001 0.58390955 0.688574834375 0.53179181875 0.639379859375 0.54479166875 0.65264879375 0.61309543125 0.718252734375 0.6235189770833334 0.797914815625 0.6235189770833334 0.7760469156250001 0.58390955
0 0.9681726921875 0.6860602541666666 0.8916348 0.61934954375 0.8171142343750001 0.5812500020833333 0.7854187703125 0.7027379125 0.8541469015625 0.77361821875 0.9525526937500001 0.7861262833333333 0.9681726921875 0.6860602541666666
1 1 0.9028700500000001 0.9916026875 0.8945311812500001 0.955676884375 0.9070394041666667 0.9089111093750001 0.9458333354166667 0.9056927031249999 0.9945972875 1 1 1 0.9028700500000001
1 0.5667388078125 0.7069073479166667 0.577672878125 0.6589592104166666 0.5339368375 0.5797401145833334 0.49488684374999997 0.5943330958333333 0.43553080624999996 0.59850245 0.397192359375 0.6567708354166667 0.3824229109375 0.7152462166666667 0.48551486875 0.7423475791666667 0.5667388078125 0.7069073479166667