1 0.157494925 0 0.1293788828125 0.0314616375 0.13718888125 0.08149457083333332 0.19654491875 0.09400291458333333 0.2637108359375 0.11485000625 0.3277529203125 0.08357936875 0.3433729171875 0.06273227499999999 0.33087687187500003 0.033546275 0.296512925 0.0314616375 0.260586884375 0.014783899999999999 0.2262229375 0 0.157494925 0
1 0.4933248671875 0.18573003333333335 0.5245648625 0.18573003333333335 0.558928809375 0.18573003333333335 0.568300784375 0.12944290833333333 0.5479948593749999 0.10234166458333332 0.5120688171875 0.05856280208333333 0.46555173437499997 0.05260416875 0.42615883125 0.10859581666666666 0.42459685625 0.17947592291666667 0.4464648765625 0.18989946875000002 0.4933248671875 0.18573003333333335
1 0.72293878125 0.11068049375000001 0.7245008765625001 0.06690163125 0.6870127390625 0.037715708333333334 0.666706934375 0.01269918125 0.6323427484375 0.07732517708333334 0.658896934375 0.12527355416666666 0.688574834375 0.1377817375 0.72293878125 0.11068049375000001
1 0.8603948046875001 0.12110403958333334 0.807286909375 0.14195113125 0.8093017343750001 0.20104166874999999 0.9103787499999999 0.22950901666666665 0.936932696875 0.19615358125 0.8978827031250001 0.1356971 0.8603948046875001 0.12110403958333334
1 0.4277208078125 0.3504220979166667 0.3855468625 0.2712031625 0.328832984375 0.26875000208333333 0.3090088515625 0.3358291166666667 0.35118291562500004 0.36084564375 0.38867081406250004 0.3587608875 0.4277208078125 0.3504220979166667
1 0.28557885625 0.510944725 0.260586884375 0.4317257104166667 0.2152888671875 0.3650150770833333 0.143286109375 0.39895833541666664 0.1059488859375 0.49635174583333336 0.15593295000000001 0.5526389104166667 0.20747886875 0.5484694770833334 0.28557885625 0.510944725
1 0.3824229109375 0.6589592104166666 0.41210081093750006 0.56931656875 0.3792988390625 0.47133521875 0.309301734375 0.49791666875 0.2746449046875 0.5797401145833334 0.291826878125 0.6547896166666667 0.3824229109375 0.6589592104166666
1 0.499572890625 0.6881450124999999 0.5479948593749999 0.7340085520833333 0.608912753125 0.7298391979166666 0.65264879375 0.66729791875 0.640152746875 0.5734860041666666 0.7073187843750001 0.5672318125 0.7307487796875 0.5213682708333333 0.732310875 0.4796740875 0.716690878125 0.4379799020833334 0.6542108875 0.42547159791666667 0.60266485 0.4755046520833333 0.5620528796875 0.5797401145833334 0.569067359375 0.5630208354166667 0.59485485 0.57557068125 0.56517683125 0.60684131875 0.5214407921875 0.6381121166666667 0.499572890625 0.6881450124999999
1 0.9291226984375 0.5901636604166666 0.85258480625 0.56306245625 0.8171142343750001 0.6020833354166667 0.8447748078125 0.66729791875 0.8791387546875 0.6818908208333333 0.9244368890624999 0.6610437291666666 0.9291226984375 0.5901636604166666
1 1 0.8403287708333332 0.9822308328125 0.7631946729166666 0.97129688125 0.6902298479166666 0.936932696875 0.6589592104166666 0.8600829843750001 0.7062500020833333 0.8557087578125 0.8048888583333333 0.9197508421875 0.85075231875 0.9947268781249999 0.8486675604166667 1 0.8403287708333332
1 0.90256875 1 0.847898759375 0.8841076333333333 0.7057569265625 0.8987007729166667 0.692114234375 0.9015625020833333 0.668268790625 0.990427775 0.6807648359375 1 0.90256875 1
1 0.1153208609375 0.9529031020833333 0.07158493906249999 0.8966159375 0.002661109375 0.89635416875 0 0.99876664375 0.132502953125 1 0.1153208609375 0.9529031020833333
0 0.4042908109375 0.9132935958333334 0.380860815625 0.8236511125 0.3340008234375 0.7569404020833334 0.2980749015625 0.71941565 0.23090886562500001 0.7319240333333333 0.1887349203125 0.7652791916666666 0.119848609375 0.8286458354166667 0.171552946875 0.8632605416666668 0.24028083906250003 0.8966159375 0.341810821875 0.9195477875000001 0.4042908109375 0.9132935958333334
0 0.936932696875 0.35459153125 0.8775768984375001 0.30455847708333333 0.84165085625 0.2712031625 0.757302728125 0.28996549791666665 0.738989234375 0.32604166875 0.7604269171875 0.41504805208333334 0.8244687640624999 0.42964103333333337 0.9213127 0.42547159791666667 0.936932696875 0.35459153125
0 0.8853868968749999 0.00019099791666666666 0.7463687765625 0.0022756354166666667 0.7994769109375001 0.0398003875 0.8244687640624999 0.0460545375 0.8697668984375 0.01061454375 0.8853868968749999 0.00019099791666666666
0 0.560490784375 0.22950901666666665 0.577672878125 0.19823837708333333 0.5370607890625 0.17947592291666667 0.48707684531249995 0.1753064875 0.4370929015625 0.18781483124999998 0.4214729046875 0.21491595625 0.387426734375 0.25052083541666664 0.41210081093750006 0.28788081875 0.48863882031249994 0.31081258958333335 0.5386228843749999 0.30247379999999996 0.560490784375 0.22950901666666665