0 0.5870448515625 0.27328783958333336 0.65264879375 0.25869485833333333 0.6729548375000001 0.21283127916666666 0.7073187843750001 0.17322177083333334 0.6417148421875 0.09400291458333333 0.7041948312499999 0.06898634791666666 0.7354348265625 0.04188518333333333 0.727624828125 0.00019099791666666666 0.5448707875000001 0.00019099791666666666 0.569862878125 0.07315582291666667 0.5073828890625001 0.08774872291666667 0.5120688171875 0.21700067291666666 0.5870448515625 0.27328783958333336
0 0.907254796875 0.5568082645833333 0.936932696875 0.48175876458333333 0.8900727046875 0.4171328083333333 0.8104108609375 0.37752330208333335 0.770239234375 0.38854166875 0.747930871875 0.41504805208333334 0.7510548234375001 0.5130294020833334 0.8057248140625 0.5568082645833333 0.907254796875 0.5568082645833333
0 0.191858871875 0.10442646041666667 0.093452959375 0.15237467916666667 0.0559649421875 0.18781483124999998 0.055395484375000005 0.30000000208333333 0.14968492656250001 0.3170667020833333 0.2043549171875 0.2607796145833333 0.22934688906249998 0.17947592291666667 0.191858871875 0.10442646041666667
0 0.46364684843750004 0.5213682708333333 0.49020079687500007 0.4942669875 0.5448707875000001 0.4671657833333333 0.569862878125 0.40462450625 0.5417468359375001 0.37752330208333335 0.4933248671875 0.33791379375 0.40585290625 0.3712691895833334 0.363989234375 0.43802083541666664 0.3386868703125 0.48175876458333333 0.3777368640625 0.4984364229166667 0.46364684843750004 0.5213682708333333
0 0.627656940625 0.8570065895833333 0.6542108875 0.9070394041666667 0.7260627328125 0.9487335895833334 0.7635508703125 0.7757027375 0.757302728125 0.6839755770833332 0.7245008765625001 0.6610437291666666 0.6963848328125 0.6714672749999999 0.604226825 0.6756367083333333 0.586645484375 0.71666666875 0.5620528796875 0.7590250791666667 0.58392078125 0.8194816791666667 0.627656940625 0.8570065895833333
1 0 0.07864583541666666 0.152808878125 0.10859581666666666 0.19810689374999998 0.10025698749999999 0.2043549171875 0.06898634791666666 0.162180853125 0.0064450708333333336 0 0.0022756354166666667 0 0.07864583541666666
1 0.3792988390625 0.18364531666666667 0.4042908109375 0.12318875625 0.35118291562500004 0.10859581666666666 0.283911109375 0.15156250208333333 0.27620688125 0.21700067291666666 0.3496208203125 0.23159365416666666 0.3792988390625 0.18364531666666667
1 0.29026490312500003 0.49635174583333336 0.3340008234375 0.4796740875 0.3433729171875 0.4317257104166667 0.2980749015625 0.41087861875 0.192114234375 0.40156250208333333 0.1653049234375 0.5046905333333334 0.221536890625 0.5380459291666667 0.29026490312500003 0.49635174583333336
1 0.647962746875 0.6756367083333333 0.6604587921875 0.59850245 0.629218796875 0.5255376270833333 0.5761107828124999 0.5443000416666667 0.551489234375 0.5552083354166667 0.5620528796875 0.6026718854166667 0.5495568343749999 0.6631284854166667 0.58392078125 0.6923143666666667 0.647962746875 0.6756367083333333
1 0.29495082968749997 0.7631946729166666 0.2933888546875 0.6881450124999999 0.2465288625 0.6443660708333333 0.1653049234375 0.66938275625 0.092504859375 0.7270833354166667 0.12781690625 0.8194816791666667 0.23871886406249998 0.8319899020833332 0.29495082968749997 0.7631946729166666
1 0.274145484375 0.99010416875 0.4214729046875 0.99876664375 0.3792988390625 0.9612419729166667 0.274145484375 0.99010416875
1 0.7791708671875 0.9466489125 0.7198148296875 0.9591571354166667 0.637426734375 0.99791666875 0.827592715625 1 0.8338408578125 0.9925126104166666 0.7791708671875 0.9466489125