0 0.32931489531249997 0.06273227499999999 0.34805884531250003 0.01269918125 0.168676734375 0 0.1543708546875 0.12944290833333333 0.20747886875 0.17113709375 0.29963687656250004 0.1940688625 0.32931489531249997 0.06273227499999999
0 0.84165085625 0.28996549791666665 0.916626890625 0.17947592291666667 0.90100689375 0.12110403958333334 0.8307169062499999 0.06273227499999999 0.7448069203125 0.14403585 0.7604269171875 0.2607796145833333 0.7994769109375001 0.314982025 0.84165085625 0.28996549791666665
0 0.8041627203124999 0 0.8775768984375001 0.05856280208333333 0.9103787499999999 0.06273227499999999 0.9463047906250001 0.016868616666666666 0.955676884375 0.004360354166666667 0.9822308328125 0.008529747916666667 0.975982690625 0.08566400625000001 0.996288734375 0.10859581666666666 0.9978508296875 0 0.8041627203124999 0
1 0.1543708546875 0.5776553583333333 0.21060294062499998 0.5880789041666666 0.27308292968750003 0.5672318125 0.3090088515625 0.5213682708333333 0.26839688281249996 0.4233869208333333 0.16374294843749998 0.4233869208333333 0.13875085625 0.4900976333333333 0.1449988796875 0.51511408125 0.1543708546875 0.5776553583333333
1 0.649524840625 0.33374443958333333 0.6604587921875 0.29830436666666665 0.6151608953125 0.24410187708333334 0.555395484375 0.24791666874999999 0.5433088125000001 0.31289734583333334 0.5511188109375 0.37752330208333335 0.627656940625 0.36709975625 0.649524840625 0.33374443958333333
1 0.7760469156250001 0.5443000416666667 0.7791708671875 0.4796740875 0.7619887750000001 0.4192174875 0.7026327375 0.4171328083333333 0.64483879375 0.47133521875 0.631567359375 0.46666666875 0.6635827437499999 0.5880789041666666 0.716690878125 0.61309543125 0.7635508703125 0.5859942270833333 0.7760469156250001 0.5443000416666667
1 0.2043549171875 0.93831004375 0.21372689218750002 0.9112089187500001 0.1949829421875 0.8465830416666668 0.16842887499999998 0.7569404020833334 0.1449988796875 0.7277544395833334 0.1059488859375 0.7486015333333333 0.035864234375 0.8156250020833333 0.07158493906249999 0.8778536812500001 0.143436903125 0.9195477875000001 0.2043549171875 0.93831004375
1 0.3855468625 0.9049547270833334 0.34805884531250003 0.93831004375 0.256567359375 0.9875000020833333 0.41834883281249996 1 0.41834883281249996 0.950818425 0.3855468625 0.9049547270833334
1 0.8400887609375 0.9237171416666666 0.8635187578125001 0.8799382 0.8432127125 0.8215663562500001 0.797914815625 0.8028040208333334 0.7744848203125 0.85075231875 0.744848609375 0.9536458354166667 0.743244825 0.9633266500000001 0.7635508703125 0.9529031020833333 0.8400887609375 0.9237171416666666
1 1 0.60684131875 0.996288734375 0.5046905333333334 0.9694579843750001 0.54479166875 0.9634868828125001 0.56931656875 0.9806687374999999 0.5901636604166666 1 0.60684131875
1 1 0.9171875020833333 0.9650487406250001 0.9570724583333334 0.9681726921875 0.9820890645833333 0.9791068812500001 1 1 1 1 0.9171875020833333