0 0 0.2482713125 0.0653369171875 0.2482713125 0.1090729578125 0.21283127916666666 0.10438691093750001 0.14403585 0.0559649421875 0.12735819166666668 0 0.11250000208333333 0 0.2482713125
0 0.5433088125000001 0.314982025 0.5354988125 0.2691184041666667 0.5073828890625001 0.1356971 0.4777048703125 0.09608755208333333 0.42648923437499997 0.09687500208333333 0.40585290625 0.15862882916666668 0.451150803125 0.29830436666666665 0.5433088125000001 0.314982025
0 0.7510548234375001 0.2420172 0.7651127265625 0.08983343958333333 0.7354348265625 0 0.6198469421875 0.0064450708333333336 0.580786109375 0.13333333541666667 0.6057888015625 0.18364531666666667 0.649524840625 0.2086619229166667 0.7510548234375001 0.2420172
0 1 0.004360354166666667 0.916626890625 0 0.9228747953124999 0.016868616666666666 0.9884787359375 0.07524046041666667 1 0.07524046041666667 1 0.004360354166666667
0 0.9978508296875 0.14612064583333334 0.97129688125 0.16488294166666667 0.93068479375 0.20240773125 0.9401611093750001 0.27916666875 0.9525526937500001 0.28996549791666665 1 0.27328783958333336 0.9978508296875 0.14612064583333334
0 0.72293878125 0.4004550708333333 0.7041948312499999 0.30038904375000003 0.6510869359375 0.2837113854166667 0.5964168265625001 0.31289734583333334 0.574926734375 0.37552083541666664 0.62297089375 0.4400645791666667 0.708880878125 0.4755046520833333 0.72293878125 0.4004550708333333
0 0.9884787359375 0.6714672749999999 0.9634868828125001 0.5463847187499999 0.8171142343750001 0.44322916875 0.8322787625 0.6026718854166667 0.8838248015625 0.7319240333333333 0.9088168921875001 0.7486015333333333 0.9884787359375 0.6714672749999999
0 0.8541469015625 0.8611758645833334 0.8354027140625 0.8236511125 0.7463687765625 0.8048888583333333 0.71200483125 0.8736840874999999 0.738558778125 0.9174629500000001 0.772922725 0.9362253645833333 0.8541469015625 0.8611758645833334
1 0.5245648625 0.7360933083333333 0.5964168265625001 0.6777214666666667 0.607350896875 0.6422813916666666 0.577672878125 0.5672318125 0.4730188234375 0.5818247916666667 0.40500485937499997 0.67760416875 0.4230348796875 0.7486015333333333 0.44021685312500003 0.7798721708333333 0.479266846875 0.7882110395833333 0.5245648625 0.7360933083333333
0 0.0544029671875 0.6881450124999999 0.004614234375 0.6411458354166667 0 0.85075231875 0.062212965625000005 0.7381779854166666 0.0544029671875 0.6881450124999999
1 0.2043549171875 0.8486675604166667 0.23090886562500001 0.7652791916666666 0.090551734375 0.7453125020833333 0.06846086875 0.8090581333333334 0.10126295781250001 0.8465830416666668 0.157494925 0.85075231875 0.2043549171875 0.8486675604166667