1 0.09657691093750001 0.08149457083333332 0.113758884375 0.00019099791666666666 0.0122289015625 0 0 0.071071025 0.00910495 0.14403585 0.0450308734375 0.13152758541666668 0.09657691093750001 0.08149457083333332
1 0 0.412963375 0.0169149484375 0.40462450625 0.0278489 0.3483373395833333 0 0.2482713125 0 0.412963375
1 0.3371248953125 0.34625266250000003 0.302760828125 0.2607796145833333 0.2699588578125 0.29413493125 0.254614234375 0.35208333541666664 0.241842934375 0.4379799020833334 0.296512925 0.4067092625 0.3371248953125 0.34625266250000003
1 0.41522488125 0.20032301458333332 0.41834883281249996 0.14195113125 0.42615883125 0.07315582291666667 0.369848609375 0.050000002083333335 0.34805884531250003 0.1377817375 0.34805884531250003 0.19615358125 0.3761773890625 0.2164813041666667 0.41522488125 0.20032301458333332
0 0.6214087984375001 0.2420172 0.6651448390625 0.22950901666666665 0.668268790625 0.15862882916666668 0.666706934375 0.07940989375 0.627656940625 0.037715708333333334 0.588606828125 0.08149457083333332 0.539770484375 0.10208333541666666 0.5464328828125 0.18364531666666667 0.5823588046875 0.23993252291666664 0.6214087984375001 0.2420172
1 0.6729548375000001 0 0.6604587921875 0.023122729166666668 0.6729548375000001 0.048139256250000005 0.7151287828124999 0.048139256250000005 0.7401208734375 0.00019099791666666666 0.6729548375000001 0
1 0.0809569140625 0.8111428104166667 0.0559649421875 0.7048226708333334 0.004614234375 0.7140625020833333 0 0.829905225 0.043468896875 0.8340746604166667 0.0809569140625 0.8111428104166667
0 0.3543068671875 0.8215663562500001 0.3855468625 0.6568743729166666 0.3730508171875 0.6401966354166666 0.3340008234375 0.6464508270833333 0.260586884375 0.6401966354166666 0.20904084531249997 0.7215004875000001 0.20591689375 0.8048888583333333 0.28870292656249996 0.8403287708333332 0.3543068671875 0.8215663562500001
0 0.7260627328125 0.6235189770833334 0.6557727453125 0.46508110625000004 0.567114234375 0.6177083354166667 0.5573668328125 0.61934954375 0.627656940625 0.7319240333333333 0.7260627328125 0.6235189770833334
0 0.6901369296875 0.9966819666666668 0.6635827437499999 0.9091242395833333 0.647962746875 0.8361594958333334 0.618284846875 0.8111428104166667 0.58392078125 0.75485564375 0.559301734375 0.7921875020833333 0.56517683125 0.8736840874999999 0.5558048578125 0.950818425 0.61203694375 1 0.6901369296875 0.9966819666666668
1 0.8728908515624999 0.38377741249999997 0.8182208609374999 0.33791379375 0.7619887750000001 0.30872791250000003 0.735082984375 0.34166666875 0.757302728125 0.4671657833333333 0.7885427218750001 0.46925053958333335 0.8635187578125001 0.412963375 0.8728908515624999 0.38377741249999997
1 0.9994126859374999 0.66729791875 1 0.5776553583333333 0.97129688125 0.5818247916666667 0.9245361093750001 0.6333333354166667 0.9213127 0.6902298479166666 0.9509908375 0.7048226708333334 0.9994126859374999 0.66729791875
1 0.9681726921875 1 0.975982690625 0.9841737416666666 0.9822308328125 0.8820229562499999 0.9322468890625 0.8778536812500001 0.866642709375 0.9466489125 0.8916348 1 0.9681726921875 1