1 0.035658898437499996 0.6151801875 0.0903288890625 0.6568743729166666 0.1246929546875 0.6443660708333333 0.141874928125 0.6151801875 0.171552946875 0.5818247916666667 0.1746768984375 0.5338764958333333 0.152808878125 0.4942669875 0.12313085937499998 0.45048812499999996 0.0903288890625 0.3962857166666666 0.0559649421875 0.37335386666666665 0.018476924999999998 0.3504220979166667 0.002661109375 0.38593750208333333 0 0.5547235875 0.0059808796875 0.5901636604166666 0.035658898437499996 0.6151801875
1 0.10438691093750001 0.0022756354166666667 0.007542975 0.00019099791666666666 0.002856928125 0.01895329375 0.043468896875 0.04396982083333333 0.063774940625 0.0314616375 0.0903288890625 0.01269918125 0.10438691093750001 0.0022756354166666667
1 0.36524081875 0.4734198958333333 0.4089768578125 0.46091167083333334 0.4230348796875 0.44214925624999996 0.41522488125 0.40462450625 0.40116685937499996 0.34208322916666667 0.3777368640625 0.30247379999999996 0.34805884531250003 0.314982025 0.3090088515625 0.3170667020833333 0.29026490312500003 0.32332089375 0.281957984375 0.38333333541666664 0.28714083125 0.42547159791666667 0.315256875 0.46091167083333334 0.36524081875 0.4734198958333333
1 0.6776408843749999 0.4984364229166667 0.68232693125 0.45882699374999997 0.6760787890625 0.44423401458333334 0.6651448390625 0.44840344791666664 0.6323427484375 0.4067092625 0.604226825 0.4067092625 0.5870448515625 0.4192174875 0.572973609375 0.48229166875 0.6198469421875 0.53179181875 0.627656940625 0.5484694770833334 0.6557727453125 0.5380459291666667 0.6776408843749999 0.4984364229166667
1 0.33556291875 0.74026274375 0.3964808125 0.7444320979166666 0.430844878125 0.7277544395833334 0.4277208078125 0.6589592104166666 0.42615883125 0.6235189770833334 0.3839848859375 0.5964177729166666 0.3340008234375 0.60684131875 0.311254859375 0.6203125020833333 0.3043229234375 0.6527049395833333 0.3043229234375 0.7048226708333334 0.33556291875 0.74026274375
1 0.4136629046875 0.9028700500000001 0.45271289843750007 0.92580181875 0.529250790625 0.9153782729166667 0.5479948593749999 0.8611758645833334 0.5558048578125 0.8111428104166667 0.5323748609375001 0.7569404020833334 0.48863882031249994 0.7277544395833334 0.41991080937499997 0.7527711270833334 0.40695798437499997 0.7895833354166667 0.41522488125 0.8090581333333334 0.40116685937499996 0.8570065895833333 0.4136629046875 0.9028700500000001
1 0.21997491406249997 0.9091242395833333 0.21997491406249997 0.97791955 0.24965293281249998 0.9737501958333333 0.3230668734375 0.9320560104166666 0.3324388484375 0.9049547270833334 0.268286109375 0.81041666875 0.21841293906249998 0.8361594958333334 0.1996688703125 0.8861923916666666 0.21997491406249997 0.9091242395833333
1 0.9228747953124999 0.32332089375 0.9244368890624999 0.2920502541666667 0.9244368890624999 0.25035606875 0.907254796875 0.22742421875 0.88070085 0.2420172 0.8541469015625 0.24410187708333334 0.8354027140625 0.22742421875 0.8182208609374999 0.23159365416666666 0.7682369171875 0.25452542291666663 0.770239234375 0.28958333541666664 0.8057248140625 0.33999855 0.8338408578125 0.35459153125 0.8885108484375 0.34208322916666667 0.9228747953124999 0.32332089375
1 0.708880878125 0.7673639479166667 0.7541787765625 0.7986345875 0.747930871875 0.829905225 0.738558778125 0.8695146541666666 0.7510548234375001 0.9112089187500001 0.78229481875 0.9341406875 0.84165085625 0.9174629500000001 0.8541469015625 0.8736840874999999 0.8322787625 0.84241345 0.8260308593750001 0.7944653104166667 0.8572708531250001 0.7798721708333333 0.8744527078125 0.7256697625 0.8650808515625 0.6485356625 0.8229069078125001 0.61309543125 0.7807327234375 0.6047566416666667 0.716690878125 0.6297730895833333 0.71200483125 0.6610437291666666 0.7057569265625 0.6881450124999999 0.708880878125 0.7673639479166667
0 0.22727048437500003 0 0.24965293281249998 0.06064747916666667 0.3058849 0.10859581666666666 0.3371248953125 0.12318875625 0.36524081875 0.10651109791666666 0.3792988390625 0.07524046041666667 0.3730508171875 0.033546275 0.34493489374999997 0 0.22727048437500003 0
0 0.48117673437499997 0 0.5261268390625 0.05439336666666667 0.59485485 0.07524046041666667 0.6104748484375 0.052308729166666665 0.61203694375 0.014783899999999999 0.6104748484375 0 0.48117673437499997 0
1 1 0.9070394041666667 0.9884787359375 0.9132935958333334 0.9603626937499999 0.9237171416666666 0.9463047906250001 0.9487335895833334 0.9362548593750001 0.9875000020833333 1 1 1 0.9070394041666667