1 0.38719433125 0.06489445833333334 0.3597030796875 0.021534891666666667 0.323464665625 0.011528870833333335 0.24848867968750002 0.004858147916666666 0.20369138750000002 0.03791666875 0.21974794062499997 0.1099216125 0.254736678125 0.14661045833333333 0.3397095015625 0.15328118125 0.38719433125 0.06489445833333334
1 0.5121543109375 0.3033718625 0.5496423046875 0.28002439791666667 0.5321478875000001 0.19997604583333334 0.47841505937499995 0.15828419166666666 0.444675903125 0.19830839791666666 0.4509239015625 0.25334163541666666 0.472167059375 0.2950334895833333 0.5121543109375 0.3033718625
1 0.8208055156249999 0.28002439791666667 0.8320518375000001 0.23666489166666665 0.7970630046875 0.19664068541666666 0.773320684375 0.18496695208333333 0.7302538875 0.23375000208333332 0.739581528125 0.26835066458333334 0.7858166828125001 0.29670113958333333 0.8208055156249999 0.28002439791666667
0 1 0.15828419166666666 0.9271288875 0.18166666875 0.9045286625 0.28669511875 0.9370181421874999 0.34006070833333335 1 0.3033718625 1 0.15828419166666666
0 0.294723928125 0.45372199166666666 0.27223109375 0.4103624854166667 0.21849836093750002 0.38534737291666665 0.1597671125 0.4003564666666667 0.1490038875 0.4525000020833333 0.1572679515625 0.5020845687500001 0.21349994218749999 0.52876733125 0.294723928125 0.45372199166666666
1 0.3884439125 0.5471117854166666 0.41343590781249995 0.4603927125 0.38219591406250003 0.3703382791666667 0.30837888750000003 0.39625000208333333 0.3359606640625 0.48540782708333335 0.38594465625 0.5471117854166666 0.3884439125 0.5471117854166666
1 0.852045509375 0.4670634354166667 0.8308021609375 0.39535339166666666 0.78706616875 0.3836797229166667 0.7411913875 0.3795833354166666 0.743330175 0.43370995 0.75707585 0.5020845687500001 0.8070598406249999 0.5321026916666667 0.852045509375 0.4670634354166667
1 0.3849413875 0.7275000020833333 0.4671686421875 0.7024649895833334 0.477165478125 0.6040721833333333 0.3771974953125 0.6307549458333334 0.3849413875 0.7275000020833333
1 0.21974794062499997 0.71914173125 0.333461503125 0.5740540604166667 0.22556638750000002 0.5275000020833333 0.1760119484375 0.5707186979166666 0.151019953125 0.6407610291666667 0.21974794062499997 0.71914173125
0 0.178511109375 1 0.15601837031250002 0.93760715625 0.10478470312499999 0.9225979375000001 0.0560503875 0.9042536729166667 0.016063137499999998 0.9292687854166667 0 0.97541666875 0.0035671406250000004 1 0.178511109375 1
1 0.6958455359375 1 0.663355865625 0.9792990125000001 0.618370196875 0.9692928666666667 0.5818163875 1 0.6958455359375 1
1 0.78456700625 0.7558305125 0.758325525 0.7024649895833334 0.71958785625 0.7474921416666667 0.6880663874999999 0.7920833354166666 0.704592696875 0.8192021854166666 0.7820678453125 0.8041930916666666 0.78456700625 0.7558305125
1 1 0.55570960625 0.9607606531249999 0.5790570708333332 0.9474413875 0.6087500020833333 1 0.6657761437499999 1 0.55570960625
0 0.9957494859375 0.8125315895833333 1 0.7758426166666667 0.9770054890625 0.7875163500000001 0.9957494859375 0.8125315895833333
1 0.9395174953125001 0.9159272770833333 0.9095269859374999 0.88090608125 0.8532949953125 0.8892444520833334 0.8120581640625 0.9242656479166667 0.8133078406250001 0.9959757562499999 0.9532629781249999 1 0.9532629781249999 0.99097261875 0.9395174953125001 0.9159272770833333