1 0.180924921875 0.26703372708333334 0.19810689374999998 0.23159365416666666 0.2152888671875 0.1940688625 0.2246608421875 0.15862882916666668 0.282454903125 0.14195113125 0.28714083125 0.08774872291666667 0.2559008375 0.033546275 0.221536890625 0.05856280208333333 0.18717294375 0.06064747916666667 0.1746768984375 0.08774872291666667 0.072973609375 0.15937500208333333 0.05908889375 0.25035606875 0.112196909375 0.2774572729166667 0.180924921875 0.26703372708333334
1 0.3964808125 0.162798225 0.41210081093750006 0.21908547083333335 0.48863882031249994 0.22950901666666665 0.5308128859375 0.20032301458333332 0.529250790625 0.12944290833333333 0.510506840625 0.10651109791666666 0.5433088125000001 0.09608755208333333 0.5370607890625 0 0.45773923437499997 0.0031250020833333333 0.44490290000000005 0.05022393333333333 0.4480268515625 0.10234166458333332 0.41522488125 0.12735819166666668 0.3964808125 0.162798225
1 0.193420846875 0.39003152500000005 0.1746768984375 0.3441679854166667 0.1090729578125 0.32957500416666663 0.090551734375 0.32864583541666664 0.0747088921875 0.39837039375 0.0809569140625 0.44214925624999996 0.143436903125 0.42755635625 0.193420846875 0.39003152500000005
1 0.18717294375 0.5547235875 0.171552946875 0.4838434416666667 0.051489234375000005 0.5161458354166667 0.043468896875 0.6005872083333333 0.0918908640625 0.6339425229166668 0.180924921875 0.6151801875 0.18717294375 0.5547235875
1 0.454274875 0.61309543125 0.4480268515625 0.5672318125 0.4042908109375 0.5484694770833334 0.3543068671875 0.5255376270833333 0.319067359375 0.52916666875 0.282454903125 0.5922483395833333 0.341810821875 0.6297730895833333 0.40272883593750003 0.6110107541666667 0.454274875 0.61309543125
1 0.31057082812500003 0.8611758645833334 0.3386868703125 0.8319899020833332 0.3371248953125 0.7611098354166667 0.28714083125 0.6464508270833333 0.252776884375 0.63602728125 0.232470840625 0.6401966354166666 0.18717294375 0.7590250791666667 0.20747886875 0.8132275666666666 0.2699588578125 0.8361594958333334 0.31057082812500003 0.8611758645833334
1 0.2246608421875 0.9070394041666667 0.212164915625 0.8465830416666668 0.1356269046875 0.8028040208333334 0.113989234375 0.81822916875 0.08876691249999999 0.8903617458333334 0.102824934375 0.9529031020833333 0.17936294531250002 0.9529031020833333 0.2246608421875 0.9070394041666667
1 0.0106669265625 0.8194816791666667 0.002661109375 0.77916666875 0 0.8465830416666668 0.0012949515625 0.8486675604166667 0.0106669265625 0.8194816791666667
1 0.5245648625 0.9091242395833333 0.45773923437499997 0.9458333354166667 0.44021685312500003 1 0.61203694375 0.99876664375 0.5917307796875 0.950818425 0.5245648625 0.9091242395833333
1 0.9947268781249999 0.5297070604166667 0.9088168921875001 0.48592819791666664 0.9494287421875001 0.3962857166666666 0.9322468890625 0.36918443333333334 0.8650808515625 0.33999855 0.8400887609375 0.3566762083333333 0.8432127125 0.43381046666666667 0.87132875625 0.47133521875 0.836964809375 0.47758932916666663 0.8014892343750001 0.5005208354166667 0.8104108609375 0.60684131875 0.9119408437500001 0.6401966354166666 0.9884787359375 0.5964177729166666 0.9947268781249999 0.5297070604166667
1 1 0.18156063958333332 0.9744208343749999 0.162798225 0.886948753125 0.18573003333333335 0.8171142343750001 0.26875000208333333 0.9088168921875001 0.2857960625 0.935370840625 0.3358291166666667 1 0.31289734583333334 1 0.18156063958333332
1 0.34649686874999996 0.5130294020833334 0.32619082499999996 0.36709975625 0.28714083125 0.3483373395833333 0.252776884375 0.38377741249999997 0.262148859375 0.4233869208333333 0.232470840625 0.4755046520833333 0.319942921875 0.5130294020833334 0.34649686874999996 0.5130294020833334
0 0.5354988125 0.4171328083333333 0.5136307921875 0.352506775 0.391332984375 0.33125000208333333 0.3839848859375 0.4192174875 0.44021685312500003 0.45882699374999997 0.510506840625 0.45465756041666666 0.5354988125 0.4171328083333333
0 0.7213769250000001 0.56931656875 0.73387273125 0.5359611729166667 0.743244825 0.45048812499999996 0.6807648359375 0.4400645791666667 0.651098609375 0.46145833541666664 0.618284846875 0.5067752916666667 0.6151608953125 0.5443000416666667 0.6838887875 0.5776553583333333 0.7213769250000001 0.56931656875
0 0.7838569140625 0.09608755208333333 0.7963527203125 0.07732517708333334 0.77136086875 0.05022393333333333 0.7026327375 0.021038091666666665 0.6651448390625 0.08149457083333332 0.6916987859375 0.15862882916666668 0.7854187703125 0.1753064875 0.7838569140625 0.09608755208333333
0 0.48863882031249994 0.77153338125 0.560490784375 0.7861262833333333 0.61203694375 0.7757027375 0.62453275 0.6422813916666666 0.588606828125 0.5776553583333333 0.387426734375 0.7062500020833333 0.3668029140625 0.7215004875000001 0.4277208078125 0.7527711270833334 0.48863882031249994 0.77153338125
0 0.9478668859375 0.8841076333333333 0.9509908375 0.7777874937499999 0.8150969078125 0.7256697625 0.73387273125 0.6943991229166666 0.692114234375 0.74791666875 0.668268790625 0.8736840874999999 0.736996921875 0.8966159375 0.8603948046875001 0.8820229562499999 0.9478668859375 0.8841076333333333