1 0.2043549171875 0.18156063958333332 0.14812295 0.08774872291666667 0.1090729578125 0.12527355416666666 0.098364234375 0.21406250208333333 0.13875085625 0.25035606875 0.182486896875 0.26494897083333335 0.2043549171875 0.18156063958333332
0 0.07158493906249999 0.29413493125 0.004614234375 0.24010416874999999 0 0.39837039375 0.0700229640625 0.35459153125 0.07158493906249999 0.29413493125
1 0.47727048437499997 0.0005208354166666666 0.50582079375 0.06273227499999999 0.618284846875 0.01269918125 0.618284846875 0 0.47727048437499997 0.0005208354166666666
0 0.7623850453125 0.29778487708333334 0.7389550500000001 0.21856594166666668 0.6745169328125 0.17322185 0.5854829953125 0.2962196875 0.61203694375 0.37335386666666665 0.6604590296875 0.4087940208333333 0.7623850453125 0.29778487708333334
0 0.260586884375 0.56306245625 0.1606188765625 0.6026718854166667 0.1699908515625 0.66729791875 0.23871886406249998 0.6652131625000001 0.260586884375 0.56306245625
0 0.0059808796875 0.65062018125 0 0.8570065895833333 0.0278489 0.85075231875 0.0059808796875 0.65062018125
1 0.3824229109375 0.5484694770833334 0.35118291562500004 0.4900976333333333 0.3043229234375 0.4900976333333333 0.283911109375 0.52916666875 0.291826878125 0.5568082645833333 0.3589929140625 0.6005872083333333 0.3824229109375 0.5484694770833334
1 0.5433088125000001 0.6985685583333333 0.5417468359375001 0.6047566416666667 0.5378530921875 0.5255445062499999 0.48742725781249996 0.5265625020833333 0.419910928125 0.6777214666666667 0.42772092656250005 0.7256697625 0.5058209140625001 0.74026274375 0.5433088125000001 0.6985685583333333
1 0.907254796875 0.5380459291666667 0.896320846875 0.4796740875 0.85258480625 0.46091167083333334 0.7932287687499999 0.50260585625 0.7885427218750001 0.4984364229166667 0.772922725 0.6401966354166666 0.8213448124999999 0.6464508270833333 0.8885108484375 0.6089259958333333 0.907254796875 0.5380459291666667
1 0.736996921875 1 0.736996921875 0.9341406875 0.6948227375 0.8778536812500001 0.6651448390625 0.8570065895833333 0.6635827437499999 0.8945311812500001 0.6417148421875 0.9654113270833334 0.6542108875 1 0.736996921875 1
1 0.10126295781250001 1 0.1153208609375 0.97791955 0.0903288890625 0.9445642333333333 0.0419069203125 0.9341406875 0.014379859375000002 1 0.10126295781250001 1
1 0.8978827031250001 0.7757027375 0.8405517343750001 0.7895833354166667 0.816658765625 0.9216324645833333 0.8635187578125001 0.9591571354166667 0.9431808390624999 0.8757688458333334 0.8978827031250001 0.7757027375