1 0.220997521875 0.5237643208333334 0.225995940625 0.4937461979166667 0.15601837031250002 0.5004169208333333 0.12227912031249999 0.5387734145833334 0.1297767 0.5671238895833334 0.1947559453125 0.5754622604166666 0.220997521875 0.5237643208333334
1 0.2297446828125 0.39201809583333336 0.2672326765625 0.5054199291666667 0.3359606640625 0.47540180625 0.299722346875 0.43037458958333336 0.2297446828125 0.39201809583333336
0 0.273480675 0.18189110416666668 0.2443163875 0.32333333541666665 0.25723593437500003 0.3519938875 0.27473035156250003 0.34032015625 0.3534550796875 0.22358295833333336 0.273480675 0.18189110416666668
0 0.20100394375000002 1 0.1760119484375 0.9156677666666667 0.1210295390625 0.9273415625 0.0635479671875 0.9590272708333334 0.0724413875 1 0.20100394375000002 1
1 0.5833814609375 0.96569799375 0.588379878125 0.93401215625 0.56588704375 0.8789789833333334 0.5321478875000001 0.8689729645833334 0.510904634375 0.9306768604166666 0.5458934671875 0.9573596208333334 0.5833814609375 0.96569799375
1 0.407187909375 0.12185485624999999 0.403439071875 0.16521436041666665 0.4184343265625 0.23358904375 0.4849413875 0.24416666875 0.49715905625 0.18522646458333333 0.4871623140625 0.14186699166666666 0.4671686421875 0.11518413333333334 0.407187909375 0.12185485624999999
0 0.8382998359375 0.61215104375 0.7783190078125 0.55545015625 0.7220870171875 0.5120905895833333 0.6683541890625 0.5070875791666667 0.64836070625 0.5787975583333334 0.6583575421875001 0.6154864041666667 0.6970950218749999 0.6571782604166666 0.8382998359375 0.61215104375
0 0.7083415343749999 0.33865250625 0.6908470234374999 0.26527481458333335 0.6508598671875 0.27528089791666666 0.64086303125 0.36533526875 0.6433621921875 0.38534737291666665 0.663355865625 0.3803443625 0.7083415343749999 0.33865250625
1 0.9095269859374999 0.35866461041666664 0.9395174953125001 0.31196968125 0.9520134921875 0.25526879583333334 0.949514140625 0.19690016458333334 0.9420166562500001 0.16187903125 0.8807861515625 0.13686391875 0.8595429937500001 0.20190320625 0.850795834375 0.31697275416666665 0.8845349890625 0.35866461041666664 0.9095269859374999 0.35866461041666664
0 1 0.48374017708333333 0.8896288875 0.5420833354166666 0.9545126546875 0.6304954979166666 0.9870021343750001 0.6455045270833334 1 0.6221571270833334 1 0.48374017708333333
1 0.9032789859375001 0.9573596208333334 0.9020295015625001 0.8889850041666667 0.8645415078124999 0.8389547770833333 0.8382998359375 0.8873173541666667 0.8005663875 0.95666666875 0.817056678125 0.9973838291666667 0.8795366671875 1 0.9032789859375001 0.9573596208333334