0 0.3755488546875 0 0.3686716796875 0.05494753333333333 0.390889471875 0.1098021 0.439768634375 0.12907535 0.4564319796875 0.12314512916666667 0.48975866874999996 0.14983113125 0.5086437593750001 0.15576140833333335 0.527528934375 0.13352306458333332 0.5141982078125 0.07125565833333333 0.5064220140625 0.026778941666666667 0.5030893109375 0 0.3755488546875 0
0 0.08206211249999999 0.34404598750000004 0.08872751875 0.3040170125 0.07317504687500001 0.25064495000000003 0.042070101562500004 0.22247641458333334 0.0032816296875 0.205950825 0 0.35442389375 0.0376265265625 0.3484937020833333 0.08206211249999999 0.34404598750000004
1 0.0676205984375 0.03863940833333333 0.0409592296875 0.05049984791666667 0.00883785625 0.07260137083333333 0.025406756250000002 0.13055788333333332 0.0565117015625 0.1275927875 0.0676205984375 0.09942422291666667 0.0676205984375 0.03863940833333333
0 0.3775588296875 0.32180764375 0.4464339546875 0.33663320625 0.46087555468749997 0.2728832958333333 0.44310125312500004 0.23285426458333333 0.43421418593750005 0.20616826041666667 0.40533107187499995 0.15724391458333334 0.35311920625000004 0.18541253541666666 0.3422114921875 0.21335912708333332 0.3431211828125 0.24323216875 0.35311920625000004 0.2699181708333333 0.3775588296875 0.32180764375
0 0.3964439203125 0.5708771499999999 0.43643593125 0.5160225541666666 0.42421616249999994 0.4241040520833333 0.39311121718750003 0.394452925 0.3431211828125 0.42706917499999997 0.30979449375 0.42706917499999997 0.292205446875 0.45042482291666663 0.292020275 0.5367783083333334 0.325346965625 0.5723597958333334 0.379780575 0.5827375895833333 0.3964439203125 0.5708771499999999
0 0.8630176625000001 0.16465669583333334 0.8374671671874999 0.14093584583333335 0.8041404765625 0.14241835 0.7797009375 0.19875547916666667 0.7589285343750001 0.24114026458333332 0.8185820765624999 0.2728832958333333 0.8385779546875 0.27584841875 0.8696828984374999 0.21802872916666666 0.8630176625000001 0.16465669583333334
1 0.8796810078125 0.6138712500000001 0.8952333953125 0.5960805625 0.8696828984374999 0.5189876791666667 0.8519087656250001 0.5115748979166667 0.8185820765624999 0.46265049375 0.790809834375 0.48340630416666663 0.767481084375 0.5501214520833333 0.7561504203125 0.6078512625 0.820803821875 0.6450049666666666 0.8441324031249999 0.6153538395833333 0.8796810078125 0.6138712500000001
0 0.052068125 0.7888129395833333 0.0642878953125 0.7502664979166667 0.0498463796875 0.7324757541666667 0.0032816296875 0.6763780645833334 0 0.85256279375 0.006521667187500001 0.8362546979166667 0.052068125 0.7888129395833333
0 0.4086636890625 0.8718360708333334 0.4286597375 0.8214291333333333 0.4042201140625 0.7784349770833334 0.34089943749999996 0.8140163520833333 0.29637261718749996 0.8652897895833332 0.31090545 0.9059349124999999 0.34756475781249996 0.9222430083333334 0.394222175 0.9459638874999999 0.4086636890625 0.8718360708333334
0 0.66527926875 0.9978533583333333 0.7008277046875 0.996370825 0.7330434375 0.9696847666666667 0.71860200625 0.9074174458333334 0.7086038984374999 0.8836965666666666 0.67972086875 0.8644232895833334 0.6097347859375 0.8644232895833334 0.603354171875 0.8875147 0.58862778125 0.9177952958333333 0.5986258890625 0.9548592020833334 0.6352852828125 0.9726499458333334 0.66527926875 0.9978533583333333
0 0.9307818296875 0.9296557895833334 0.8419106578125 0.9726499458333334 0.8408828859374999 0.99863924375 0.9874372703125 1 0.961886775 0.9326208583333333 0.9307818296875 0.9296557895833334