1 0.05752691875 0.13986645416666665 0.1059488859375 0.10859581666666666 0.12625492968750002 0.06898634791666666 0.129614234375 0 0.0012949515625 0.0064450708333333336 0.0012949515625 0.11068049375000001 0.05752691875 0.13986645416666665
1 0.5339368375 0.13361230208333333 0.510506840625 0.06481691458333333 0.46520882500000005 0.021038091666666665 0.41991080937499997 0.056478085416666664 0.40109860937499997 0.12291666875 0.4370929015625 0.19198418541666668 0.499572890625 0.18989946875000002 0.5339368375 0.13361230208333333
1 0.88226270625 0 0.690161109375 0.0031250020833333333 0.727624828125 0.056478085416666664 0.7963527203125 0.052308729166666665 0.866642709375 0.04188518333333333 0.88226270625 0
1 0.8853868968749999 0.27328783958333336 0.9181887484375 0.2753725166666667 0.8853868968749999 0.21491595625 0.847898759375 0.15654419166666667 0.7901048171875 0.10442646041666667 0.7588648234375001 0.17113709375 0.78229481875 0.22742421875 0.8135348140625001 0.26494897083333335 0.8853868968749999 0.27328783958333336
1 1 0.3441679854166667 0.9541147890625 0.30455847708333333 0.9225829843750001 0.31562500208333333 0.9056927031249999 0.4025398291666667 0.90100689375 0.45674223750000004 0.94161874375 0.4900976333333333 0.9697347875 0.5547235875 1 0.5609777 1 0.3441679854166667
1 0.5011348671875 0.46925053958333335 0.5354988125 0.46091167083333334 0.5667388078125 0.43381046666666667 0.569862878125 0.375438625 0.5354988125 0.32957500416666663 0.4714568484375 0.30664315416666665 0.42062985937499997 0.35208333541666664 0.41678685781249997 0.4004550708333333 0.4214729046875 0.4400645791666667 0.45583685 0.46091167083333334 0.5011348671875 0.46925053958333335
1 0.7604269171875 0.7444320979166666 0.8338408578125 0.75485564375 0.9150647953125001 0.7360933083333333 0.9119408437500001 0.6631284854166667 0.9041308453125 0.61934954375 0.886948753125 0.5463847187499999 0.836964809375 0.5359611729166667 0.780004859375 0.5812500020833333 0.7510548234375001 0.6464508270833333 0.732310875 0.7048226708333334 0.7604269171875 0.7444320979166666
1 0.1090729578125 0.4984364229166667 0.1449988796875 0.4379799020833334 0.151246903125 0.33999855 0.13718888125 0.314982025 0.0497169203125 0.32332089375 0 0.39211628125 0.002856928125 0.4796740875 0.0419069203125 0.5046905333333334 0.1090729578125 0.4984364229166667
1 0 0.6985685583333333 0.0169149484375 0.7089921041666667 0.102824934375 0.74651685625 0.17936294531250002 0.7569404020833334 0.22934688906249998 0.7319240333333333 0.24965293281249998 0.6756367083333333 0.223098865625 0.57557068125 0.1902968953125 0.5526389104166667 0.1543708546875 0.5276223833333333 0.06846086875 0.5380459291666667 0 0.5812500020833333 0 0.6985685583333333
1 0.312132921875 0.9841737416666666 0.34493489374999997 0.9966819666666668 0.4730188234375 1 0.5276888140625 0.92580181875 0.48395289375 0.8028040208333334 0.4370929015625 0.7798721708333333 0.36524081875 0.7631946729166666 0.2746449046875 0.7882110395833333 0.252776884375 0.8653452979166667 0.241842934375 0.9299713333333333 0.2699588578125 0.9633266500000001 0.312132921875 0.9841737416666666
0 0 0.3170667020833333 0.0216008765625 0.31081258958333335 0.093452959375 0.27954195 0.1059488859375 0.24410187708333334 0.0918908640625 0.1940688625 0.0700229640625 0.15862882916666668 0 0.15156250208333333 0 0.3170667020833333