1 0.79456384375 0.5754622604166666 0.844547834375 0.47373409375000003 0.814557515625 0.4420483229166667 0.7545766875 0.46372807499999996 0.75707585 0.4954138458333333 0.7820678453125 0.5354380541666667 0.79456384375 0.5754622604166666
1 0.25723593437500003 0.8706406125 0.31096866875 0.9039940979166666 0.39719107343750004 0.80226599375 0.3534550796875 0.7422296833333333 0.2984726703125 0.7155468583333333 0.27847909375 0.7722478083333333 0.2522375171875 0.7955952729166668 0.25723593437500003 0.8706406125
1 0.6945958609375 0.74556498125 0.7020935359375 0.69219945625 0.6471110296875 0.6721873541666666 0.6161913875 0.70666666875 0.6033750375 0.7622417229166667 0.6346150328125 0.77725088125 0.6608567046875 0.7689125104166668 0.6945958609375 0.74556498125
1 0.8295526750000001 0.91233246875 0.809559003125 0.8623022416666667 0.7758198468749999 0.842290075 0.7568163875 0.8525000020833333 0.72708553125 0.9473536020833334 0.7745701703125001 1 0.8295526750000001 0.9957161791666667 0.8295526750000001 0.91233246875
0 0.4884118953125 0.6338308583333333 0.5308983078125 0.5971420125000001 0.56963588125 0.5637885291666667 0.57213504375 0.4937461979166667 0.5358966296875 0.4954138458333333 0.49715905625 0.4353776 0.47869138749999995 0.44833333541666665 0.45842148125 0.5254320333333333 0.4796646390625 0.5787975583333334 0.473416640625 0.623824775 0.4884118953125 0.6338308583333333
0 0.34470792031249997 0.5687916645833333 0.36470149687500003 0.5587855187499999 0.37969665625000004 0.5054199291666667 0.403439071875 0.4787371041666667 0.39719107343750004 0.4003564666666667 0.41218632812499995 0.31864040416666667 0.3921926546875 0.326978775 0.330962340625 0.3820120125 0.28097835 0.36867063125 0.20994138750000002 0.44833333541666665 0.2384919375 0.5220966729166666 0.25723593437500003 0.5904712895833334 0.29347434843750003 0.6154864041666667 0.34470792031249997 0.5687916645833333
0 0.404688653125 0.26527481458333335 0.4321799046875 0.22858600208333335 0.43467906718749993 0.13686391875 0.3909430734375 0.12352250625 0.323464665625 0.10684576250000001 0.3247143421875 0.17688809375 0.34845666249999996 0.2369243395833333 0.404688653125 0.26527481458333335
0 0.9520134921875 1 0.9670086515625 0.90732939375 0.8755663874999999 0.8212500020833333 0.8495461578124999 0.8589668166666667 0.8457975109375001 0.93901523125 0.8395495125 0.9957161791666667 0.874538153125 1 0.9407669796875 1 0.9520134921875 1
0 0.9990038875 0.47958333541666665 0.9707574890625 0.5304350437500001 0.9707574890625 0.55711780625 1 0.64383700625 0.9990038875 0.47958333541666665
1 0.7383318531249999 0.1351962375 0.745829528125 0.05848328125 0.735832690625 0.025129795833333336 0.6920966984375 0.023462052083333334 0.6646288874999999 0.05666666875 0.663355865625 0.11351648541666666 0.6845990234375 0.15854373333333335 0.7020935359375 0.19189721875 0.7383318531249999 0.1351962375
1 0.9032789859375001 0.27528089791666666 0.9120261468749999 0.19856784583333334 0.9070278234375 0.15854373333333335 0.8470469968750001 0.10851350833333333 0.8020615187500001 0.11184880416666668 0.7802538875 0.14208333541666668 0.79081500625 0.21857995 0.8158070015625001 0.2869545666666667 0.852045509375 0.3002960125 0.9032789859375001 0.27528089791666666